0.24358872E-01
0.55891387E-02
0.88316798E-02
-0.94804792E-02
-0.19286070E-01
0.95830094E-02
0.16441099E+00
-0.35194106E-01
-0.15311976E+00
-0.29215816E+00
-0.22655049E+00
-0.23244940E+00
-0.28220955E+00
-0.26661748E+00
0.94977506E-02
0.49012464E-01
0.50958298E-01
0.20731635E-01
-0.22682799E-01
-0.57895392E-01
-0.68332657E-01
-0.40489659E-01
0.16728947E-01
0.64685740E-01
0.64203210E-01
0.33470415E-01
0.14456826E-01
0.23788666E-01
0.47081560E-01
0.57230189E-01
0.92195644E+01
0.18498058E+02
0.32119225E+02
0.45935024E+02
0.52917568E+02
0.55395920E+02
0.42742161E+02
0.69260513E+02
0.12398759E+03
0.15999443E+03
0.15834637E+03
0.14781528E+03
0.13787682E+03
0.12114116E+03
0.12458730E+03
0.14113908E+03
0.13983243E+03
0.73109947E+02
-0.83761673E+02
-0.22607600E+03
-0.31524051E+03
-0.37011819E+03
-0.40989383E+03
-0.44170395E+03
-0.46841562E+03
-0.49033710E+03
-0.50388367E+03
-0.50609891E+03
-0.49870328E+03
0.19026425E-01
0.40038634E-01
0.62064741E-01
0.81099249E-01
0.10663667E+00
0.13429186E+00
0.19333287E+00
0.14220431E+00
0.87609679E-01
0.22029374E-01
0.84164282E-02
0.13804500E-01
0.20503761E-01
0.36487602E-01
0.73981375E-01
0.12203164E+00
0.16218381E+00
0.20364535E+00
0.25717568E+00
0.29209122E+00
0.30167991E+00
0.29368991E+00
0.28172407E+00
0.27281287E+00
0.26609331E+00
0.25980952E+00
0.25246269E+00
0.23823495E+00
0.21637286E+00
0.11405804E-03
0.70430375E-04
0.36512913E-04
0.18225104E-04
-0.15462824E-05
0.10719889E-04
0.28385653E-04
0.24893898E-05
0.35770998E-04
-0.65792563E-04
-0.20890769E-03
-0.32686116E-03
-0.41063927E-03
-0.40685627E-03
-0.41656737E-03
-0.52371016E-03
-0.61947136E-03
-0.71699091E-03
-0.66748937E-03
-0.45194136E-03
-0.43579511E-03
-0.40412636E-03
-0.36229732E-03
-0.31943270E-03
-0.28303929E-03
-0.25640492E-03
-0.23801782E-03
-0.21842870E-03
-0.19449301E-03
-0.16659054E-03
0.44866912E-02
0.59180460E-02
0.49413545E-02
0.18284630E-02
-0.31964845E-03
-0.22896638E-02
-0.32210858E-02
-0.50347303E-02
-0.31559836E-01
-0.19063344E-02
0.16987732E-01
0.13802724E-01
0.14035376E-01
0.19598914E-01
0.29741859E-01
0.49746558E-01
0.50997153E-01
0.21574542E-01
-0.38516808E-01
-0.97716518E-01
-0.10528167E+00
-0.76579705E-01
-0.35737827E-01
-0.95420014E-02
-0.70315633E-04
0.11972631E-02
0.29115917E-03
-0.13314231E-02
-0.44614719E-02
-0.84373746E-02